"﻿194-195.geojson
195-197.geojson
32-197.geojson
32-35.geojson
34-35.geojson
34-106.geojson
103-106.geojson
103-225.geojson
224-225.geojson
94-224.geojson
85-94.geojson
85-91.geojson
91-242.geojson
242-245.geojson
245-246.geojson",852.16,10.78,7.58
