"25-195.geojson
25-60.geojson
60-210.geojson
210-212.geojson
67-212.geojson
67-97.geojson
96-97.geojson
96-224.geojson
94-224.geojson
85-94.geojson
85-91.geojson
91-242.geojson
242-245.geojson
245-246.geojson",910.88,11.73,20.77
